37.829184
63.696564
42.855684
37.832880
64.699600
47.828390
37.848264
43.863631
43.869552
30.835539
47.899688
47.835339
42.873655
55.777938
53.716542
33.847737
38.888478
48.887303
44.859111
60.725785
23.868011
49.829191
39.832470
56.718753
48.844041
14.913330
46.830499
52.776250
45.861325
48.852261
57.763822
6.961903
57.720303
50.845407
46.863835
46.876181
47.855926
47.818561
29.818040
47.903795
3.974179
36.867324
42.845728
44.896410
49.842606
47.886081
47.853829
47.897320
42.791655
37.823401
39.866471
47.880693
33.828777
61.705900
46.846780
48.841384
40.876012
47.906003
47.907282
37.842658
49.746700
41.868049
41.849472
46.856875
42.873655
54.792466
55.799981
47.859788
57.707458
44.801067
46.847655
51.763403
36.867765
44.830496
49.842368
47.899291
38.795004
31.824028
57.776084
53.809718
43.875965
42.873655
43.867357
41.849920
53.801487
44.835456
51.735202
67.663231
65.702460
40.797131
50.833318
56.721702
45.842450
46.846780
46.887850
46.775258
45.816454
48.808909
31.802011
46.895051
62.711421
47.783710
53.815035
55.778420
47.847134
50.784829
55.784721
40.827753
38.865425
48.890736
43.855590
67.672424
48.894116
59.719147
48.824452
46.825834
55.758213
41.776747
49.844450
54.747489
47.900790
63.727731
45.847504
43.836085
42.857389
23.890104
27.851908
45.825724
47.834139
21.872651
36.834035
36.797405
46.905241
41.856207
47.884039
31.839077
50.811505
48.834384
49.838577
38.842799
36.825255
48.892113
60.729452
20.884426
34.835728
54.697706
41.825563
34.847035
56.801957
58.711200
